397
448
304
429
276
350
299
2300
1282
291
2139
287
349
319
276
333
329
2567
301
2034
2542
364
295
572
454
298
340
310
413
360
386
298
294
308
278
255
382
323
2643
396
374
391
310
380
373
326
436
378
375
370
465
406
310
312
316
364
300
919
940
374
323
445
440
437
369
420
599
286
320
449
415
430
408
409
397
522
455
363
350
354
648
457
375
363
289
330
445
389
2565
372
347
317
361
370
428
395
518
398
392
483
363
380
37
101
95
197
204
216
95
235
80
139
93
99
85
204
99
94
93
322
76
199
98
105
100
197
96
125
229
202
93
186
92
216
85
114
115
125
124
1162
112
133
115
119
72
122
77
123
116
105
95
117
112
66
145
923
1392
750
1117
1684
644
900
799
361
590
800
286
623
654
975
501
1119
332
521
342
407
1342
2920
2244
1390
4236
6648
2925
828
9015
985
689
1166
3601
628
1400
1469
1660
2337
3571
815
80
288
203
202
93
258
282
2393
67
231
150
61
183
196
84
250
172
277
248
518
239
389
904
406
1350
219
377
343
314
246
218
197
294
258
2210
249
258
170
254
305
258
232
229
256
1244
275
380
557
346
253
1281
75
228
192
123
469
218
210
154
264
76
154
426
68
204
141
132
244
385
76
172
122
246
76
137
81
231
250
263
597
569
199
400
262
272
216
212
268
281
204
446
375
609
461
502
2282
576
545
299
2591
408
456
2369
537
441
448
448
1813
2684
3520
493
149
388
228
211
262
376
318
156
307
234
600
223
344
264
220
1464
918
830
571
437
1939
427
321
133
474
707
1052
567
1129
278
260
1958
1002
923
425
2211
618
2646
571
773
753
1633
757
587
662
570
857
368
1139
346
377
343
182
202
303
2831
16562
637
309
314
402
762
810
1001
216
909
1340
985
1486
1324
1042
807
768
656
606
949
1126
598
2319
567
581
640
736
1099
3415
1501
2073
998
1458
947
2280
566
503
550
578
571
672
620
538
531
477
545
546
632
540
640
500
595
596
557
477
507
458
465
513
511
513
552
474
494
505
612
530
530
540
690
1283
603
507
466
544
482
501
553
612
466
490
476
518
595
518
549
567
575
573
553
458
493
491
491
464
493
392
471
526
550
2258
667
568
511
230
221
251
202
163
262
125
288
125
227
166
200
176
231
190
199
176
190
175
220
137
167
179
194
180
183
205
198
176
155
210
187
186
204
210
200
207
227
232
137
177
194
158
184
183
146
196
163
146
224
245
269
288
600
144
195
1241
243
181
161
191
149
207
144
211
156
248
285
231
300
202
175
156
322
278
292
585
353
299
292
273
318
265
225
249
187
189
218
240
172
179
151
225
174
223
139
141
236
133
174
243
157
191
288
2375
137
142
156
352
138
188
232
155
155
139
151
149
170
191
138
237
225
219
270
151
183
190
169
141
142
212
154
183
207
230
165
223
152
230
232
226
241
214
124
177
168
232
237
151
158
158
316
158
206
201
193
203
131
139
115
179
237
144
245
228
193
184
205
193
170
254
163
141
274
198
170
239
273
248
178
311
666
208
294
197
156
188
552
166
212
214
1327
262
191
210
146
234
138
279
188
246
232
213
157
209
206
138
141
149
194
177
176
200
288
182
162
280
194
131
205
149
235
133
217
190
225
142
270
157
211
271
149
208
257
2959
219
324
157
172
212
218
188
234
231
131
207
192
198
152
132
227
137
211
138
131
156
218
139
198
147
234
141
250
172
269
2215
156
185
206
183
175
251
239
245
199
222
188
123
279
273
122
191
150
133
188
188
144
255
238
154
159
178
251
172
130
141
197
232
170
229
265
233
194
136
141
181
149
119
234
279
220
195
182
135
184
288
191
214
141
174
220
141
127
122
189
190
192
211
143
141
131
190
229
204
178
237
187
146
169
200
162
170
151
151
240
142
219
197
217
128
176
193
133
130
182
161
143
235
232
181
219
184
125
145
173
227
239
242
153
182
233
165
151
244
203
189
211
149
211
308
208
167
228
201
133
279
171
237
241
190
200
712
174
138
225
176
234
185
181
182
128
180
151
138
139
247
246
135
172
183
129
194
204
189
217
209
187
184
138
239
143
244
239
115
266
128
191
186
152
226
134
188
218
140
195
152
176
134
193
180
184
193
202
185
142
206
182
122
165
253
206
208
196
321
118
233
250
466
347
210
127
222
247
119
279
226
190
134
165
159
256
189
294
169
129
208
239
212
139
162
231
196
126
177
167
234
140
186
214
207
147
142
218
136
160
187
148
134
209
146
226
134
138
291
301
149
210
131
192
178
141
194
243
152
252
210
218
188
262
270
239
261
186
267
2060
180
165
210
133
148
167
275
180
242
242
199
208
129
201
199
187
232
140
199
140
226
248
205
891
204
290
226
154
171
193
181
136
218
270
263
136
301
135
229
206
250
155
231
183
255
205
208
170
192
149
247
137
136
159
138
172
124
185
215
211
248
197
185
270
195
179
362
213
224
295
243
250
261
222
247
239
198
224
145
128
132
245
260
156
218
209
141
242
195
174
242
146
200
203
213
281
214
250
224
188
256
176
191
193
210
250
208
181
189
194
207
198
204
1007
247
147
268
244
179
160
177
224
249
153
187
265
180
252
213
207
188
135
130
193
250
237
241
137
203
183
203
141
259
191
209
166
142
171
155
188
185
191
204
296
208
184
157
219
236
163
178
131
238
216
241
136
205
233
221
202
229
135
162
239
183
150
168
121
147
219
194
228
244
187
286
158
222
148
218
261
173
141
141
179
204
211
212
262
250
173
218
237
218
200
176
199
163
195
189
154
254
194
142
238
160
131
240
176
209
283
225
191
160
135
195
203
217
194
142
221
174
277
144
261
261
244
130
184
189
229
161
188
154
254
190
136
266
154
214
159
150
176
196
147
130
185
188
133
100
158
143
162
198
270
160
226
140
218
112
142
200
2042
244
195
242
155
247
1136
220
255
197
144
263
202
140
193
120
132
251
133
133
190
150
168
174
219
193
204
137
225
154
237
132
139
220
214
139
130
231
141
154
124
134
237
155
174
193
169
145
161
202
137
144
176
192
176
159
112
164
233
298
193
237
224
187
123
122
146
189
137
229
227
234
120
203
206
141
178
171
130
253
185
124
218
123
135
186
166
245
229
149
168
133
135
185
130
228
232
147
160
172
238
211
233
197
163
142
220
131
119
120
125
132
138
214
186
173
204
219
164
178
135
174
184
126
172
125
224
218
130
192
217
236
124
245
227
135
122
217
136
137
220
118
168
219
214
216
219
236
137
125
170
211
190
138
218
140
136
154
140
223
176
222
155
229
148
250
118
233
169
181
125
126
225
169
128
144
115
211
224
253
216
206
170
222
188
181
141
171
119
136
176
122
159
125
128
189
277
230
220
158
122
136
208
126
122
161
213
306
138
183
160
169
132
227
153
124
187
129
175
132
135
226
137
124
137
217
122
234
198
120
216
244
141
133
140
175
174
132
224
133
178
171
208
166
124
120
132
155
123
186
231
211
123
163
214
165
201
243
173
142
134
158
221
115
158
189
131
224
149
218
117
183
422
163
195
127
125
151
228
227
125
128
324
138
126
140
176
166
128
221
173
191
172
132
139
216
188
152
144
248
185
242
150
161
175
215
218
106
176
266
188
140
245
139
143
170
239
199
171
128
236
134
124
213
227
202
168
191
213
213
173
222
177
224
142
191
198
156
171
196
427
225
116
178
181
139
241
229
237
254
245
228
130
230
244
234
276
229
239
222
221
184
147
182
215
173
240
146
230
236
211
231
215
241
120
230
194
217
219
248
206
194
188
163
187
168
189
217
182
193
149
226
141
287
129
139
207
203
178
221
186
159
178
238
146
143
143
171
137
138
122
154
132
176
217
178
144
227
164
209
299
146
140
200
174
226
239
256
173
119
185
139
239
130
178
121
153
140
136
184
139
236
234
122
213
227
183
1082
326
262
303
131
128
234
141
127
126
135
163
195
163
142
140
166
137
132
128
146
165
227
152
191
220
169
240
196
708
666
627
674
641
652
723
582
571
569
649
698
653
614
1032
690
665
667
661
746
626
690
586
597
613
706
669
651
689
603
685
650
688
547
569
677
644
724
1188
643
644
617
596
1154
603
686
635
639
629
617
574
659
732
605
608
625
590
690
632
677
636
589
636
631
738
670
604
613
662
645
584
560
723
729
649
606
602
574
645
574
627
663
608
601
643
674
679
674
614
677
2053
522
545
674
529
574
642
605
589
607
614
541
574
492
509
607
522
559
583
547
546
546
593
579
1050
1184
1072
1136
1203
1148
1144
991
2759
1235
3257
1174
1099
1189
1339
1343
1193
1340
1332
1317
1361
1345
6611
1480
3968
2290
5029
1974
1232
3898
1209
1224
3390
2330
1237
8411
1787
5771
4823
4395
2218
195
233
205
131
160
256
254
185
220
137
137
194
133
212
138
163
212
238
166
218
178
237
206
151
166
176
196
206
223
220
134
218
211
165
148
223
127
202
203
221
149
279
248
129
128
259
192
145
184
222
258
139
134
221
216
203
232
221
143
141
158
223
263
223
145
124
162
182
237
170
161
231
164
249
225
154
278
194
130
147
222
194
226
191
142
