409
335
1291
295
378
412
380
332
367
375
322
331
341
330
297
316
305
330
307
295
373
309
364
325
346
467
298
363
1001
400
464
342
309
341
329
266
366
332
286
2219
363
360
380
368
425
304
546
297
384
335
409
330
374
311
367
360
296
357
1168
291
348
1362
382
367
388
422
371
376
361
326
387
402
425
387
417
2299
349
1669
1384
396
345
451
369
350
349
384
455
487
382
351
2817
364
1834
366
372
385
416
1421
456
562
410
531
90
98
85
90
308
86
89
494
304
91
46
151
529
200
307
83
245
89
76
240
204
472
56
186
90
90
83
198
80
42
206
89
206
214
100
135
144
120
78
133
133
116
115
127
125
138
157
129
119
114
119
128
104
450
410
416
361
994
233
645
268
1207
569
465
506
360
1148
375
474
282
1326
226
441
208
1047
1046
4759
237
633
496
1309
409
947
175
3143
1613
207
3612
189
347
547
260
694
244
1344
246
269
777
202
2584
349
413
245
284
743
249
324
508
281
945
315
576
505
399
992
2667
707
1225
168
736
2505
657
219
858
711
1052
560
597
232
835
348
308
278
398
167
199
1033
509
158
373
158
172
693
298
605
824
1321
602
163
255
699
607
816
723
403
412
931
402
175
2563
191
232
180
184
218
720
226
221
188
198
182
239
177
196
201
210
195
232
196
177
224
178
144
858
373
886
497
2726
98
807
229
180
207
208
204
231
886
288
223
278
3244
221
204
215
1659
166
175
218
195
131
204
223
202
158
136
169
165
182
214
160
184
250
153
451
971
817
369
1235
1543
150
165
164
241
171
167
154
194
448
782
150
237
1841
171
1317
209
207
172
189
1289
252
190
184
229
209
133
169
212
303
402
167
132
244
229
324
249
233
226
274
271
219
191
280
190
129
216
3074
229
222
168
228
195
237
256
362
291
248
251
276
261
256
232
265
244
3121
1772
1810
2071
1805
1940
3660
2188
3728
1631
2086
3065
3919
4916
5389
1876
3988
2390
973
1191
1427
2908
412
373
565
283
343
555
3687
3095
2302
5239
7956
1062
2030
678
1089
2442
1432
728
794
948
1179
1070
1323
634
3508
726
2137
1043
1223
545
1202
852
986
1030
1165
1310
2841
802
2560
753
1138
815
1030
940
169
333
331
300
342
347
419
278
251
775
904
636
641
830
632
604
665
695
1048
713
893
689
719
1073
697
793
77
151
297
66
143
303
68
250
69
387
67
222
258
72
431
80
161
308
69
148
323
68
366
65
116
292
142
363
120
142
436
271
148
154
230
245
183
206
209
302
167
186
343
153
591
506
518
814
599
517
576
322
492
450
482
362
435
459
486
495
582
356
213
219
209
82
88
97
85
39
56
90
91
127
71
80
99
77
39
91
89
39
51
118
89
81
76
87
96
135
100
32
93
96
78
87
75
94
39
44
37
39
68
41
41
44
36
41
43
36
37
41
38
42
45
48
42
36
77
95
76
284
166
193
155
180
170
189
175
342
529
265
936
130
25937
788
195
387
143
127
163
141
182
172
217
203
170
98
135
144
159
156
110
204
125
134
151
98
220
125
118
209
225
140
1554
108
208
283
3142
596
592
578
551
574
681
532
481
626
532
559
610
657
599
719
1013
3567
3935
1291
1759
10408
1036
1505
1407
13690
1111
1193
694
1493
656
659
617
1487
861
967
660
1500
4239
647
3582
1325
1323
955
664
574
889
1204
1420
620
1015
1907
654
889
1045
1033
1444
585
644
695
1274
969
1054
655
772
1302
529
934
913
1034
584
545
588
913
561
1242
953
871
621
1240
1341
701
699
1074
976
706
998
713
1504
855
579
1383
2878
531
611
561
247
579
1126
205
227
235
811
187
801
282
1131
271
858
835
1216
416
353
329
511
290
799
307
813
784
233
255
847
722
268
636
324
358
743
307
400
709
276
826
358
723
690
296
831
863
873
814
865
379
253
458
741
627
793
272
855
273
540
224
726
420
296
837
262
431
363
277
867
1006
246
957
544
252
901
1597
642
666
1132
424
277
3265
815
330
382
854
800
3502
389
377
722
670
748
329
440
724
287
410
297
450
2711
374
742
414
358
764
1015
759
563
391
593
278
1197
1446
300
282
838
318
337
297
206
242
456
805
821
783
804
543
299
391
216
1102
267
746
699
217
587
783
255
595
265
427
702
240
1354
778
332
401
469
351
515
313
824
833
312
213
597
207
254
1108
819
259
413
339
487
964
291
390
408
218
430
612
236
758
236
1284
793
3028
250
562
705
438
773
3065
686
303
784
750
543
3445
262
328
378
503
768
748
777
825
285
607
232
763
838
573
336
778
302
321
290
203
305
241
605
252
197
267
280
204
284
451
284
312
794
283
510
293
400
819
834
284
322
789
245
318
310
777
783
337
775
282
791
1308
822
817
819
516
816
295
823
560
245
250
713
795
845
770
748
266
270
803
433
597
259
380
266
1011
762
657
1045
254
817
815
641
838
345
715
671
396
603
539
760
298
511
780
618
856
199
321
336
1237
788
453
855
657
462
708
247
263
363
754
795
399
579
812
784
814
234
271
627
253
295
1004
701
855
751
255
497
779
715
276
415
207
288
599
235
277
350
596
743
507
811
610
433
673
314
793
582
271
769
845
1574
744
814
622
216
188
990
766
208
763
262
853
284
742
260
330
248
608
306
467
766
322
231
405
872
227
247
237
1564
251
385
811
1008
765
1259
772
678
442
4579
412
614
804
854
831
284
747
253
259
828
285
252
715
279
612
352
749
759
807
843
607
805
1035
840
259
480
849
228
270
692
1794
692
297
874
193
293
726
507
555
405
467
277
576
723
763
702
916
208
431
388
438
616
337
315
278
417
415
819
245
233
391
667
1341
586
389
251
862
220
810
233
787
505
332
339
402
569
481
1737
168
782
581
1035
457
1760
896
771
606
296
674
234
230
309
756
654
471
544
782
747
804
812
1255
281
323
829
356
765
768
755
790
291
308
942
226
860
237
244
904
732
679
256
315
866
806
282
513
300
503
323
383
703
279
275
444
754
520
398
457
720
591
870
515
330
293
691
786
1185
1514
734
291
2306
281
645
247
277
455
360
722
873
780
535
611
898
867
2749
928
746
3062
715
273
1334
1414
272
3096
1383
266
4503
869
796
3609
329
243
746
799
857
712
920
260
288
841
2390
864
5611
325
333
728
294
923
1327
235
412
271
286
604
316
600
655
296
410
714
853
823
781
808
1022
3206
741
809
222
242
634
497
423
390
296
1405
841
568
287
248
371
296
515
314
874
292
220
838
823
844
3327
209
381
382
414
283
851
711
598
632
608
827
831
577
855
676
283
955
458
2814
737
421
341
504
263
294
384
3129
262
445
325
341
691
303
868
743
841
770
450
511
223
253
326
747
628
360
721
345
829
740
255
316
753
205
877
802
223
226
345
744
281
805
196
657
218
313
559
478
508
283
426
319
359
380
764
269
377
416
505
269
411
780
315
1154
245
283
817
674
369
368
363
411
559
236
256
282
539
304
752
408
446
275
262
1026
569
438
406
406
245
237
590
423
791
382
254
625
809
252
469
586
407
415
275
481
292
301
791
838
807
309
814
463
740
680
247
445
1108
316
238
411
416
300
285
699
565
382
910
211
238
828
832
480
738
649
561
273
360
261
595
263
223
243
409
247
263
282
428
227
487
282
257
268
807
332
234
358
751
798
289
239
852
386
715
277
716
301
791
664
598
718
205
764
494
195
944
405
255
276
707
781
241
400
247
244
242
826
837
426
1077
813
852
499
968
404
584
207
307
247
827
246
218
289
727
777
869
847
822
852
234
232
852
244
195
276
269
5737
203
682
269
831
289
597
833
817
940
679
778
207
207
302
707
233
841
263
846
787
254
214
248
271
802
755
193
233
298
270
556
752
782
568
215
212
758
204
248
249
859
791
772
748
848
782
809
911
235
235
275
765
511
288
280
272
287
257
768
264
235
444
737
263
241
235
250
232
292
182
774
532
860
232
398
773
226
269
824
787
232
277
848
197
746
801
228
231
869
795
817
371
726
653
792
577
874
774
268
412
249
257
249
304
328
253
418
231
305
790
680
776
800
841
794
261
750
800
845
225
260
306
853
703
759
226
195
241
763
204
734
311
544
643
700
307
272
213
306
262
223
795
814
530
228
286
239
224
270
348
393
861
276
242
248
210
244
444
210
257
285
208
246
284
252
312
767
258
679
277
411
273
566
221
265
869
482
495
301
293
849
825
229
855
232
219
267
745
229
529
287
266
260
1525
401
1186
185
502
238
209
223
261
340
599
199
516
258
593
688
479
232
276
377
275
442
207
229
412
218
184
308
254
270
849
782
264
268
262
267
660
881
260
231
526
554
256
408
189
325
272
838
1007
236
264
807
201
555
264
222
233
870
471
1030
846
756
824
229
815
184
752
566
858
817
873
222
366
279
287
837
798
165
240
378
231
842
992
760
294
824
369
291
587
260
205
237
596
384
524
462
665
358
838
2626
783
561
687
215
450
283
355
770
1873
202
822
862
870
265
253
229
774
3596
1722
745
789
1093
255
781
769
865
242
306
947
801
794
709
268
755
223
615
267
229
784
247
274
819
239
817
398
1097
533
320
1026
921
933
565
599
275
242
774
243
256
265
207
267
294
273
270
242
310
680
361
352
787
323
549
688
761
237
383
241
536
597
735
272
740
759
739
1767
296
210
325
461
878
220
227
259
540
211
330
371
561
315
269
347
285
2799
209
292
815
256
281
292
229
898
632
839
283
860
965
681
771
247
346
793
346
400
254
1052
854
384
954
1321
1182
1083
733
1377
1282
951
1618
1442
622
688
705
2294
2136
1314
1348
680
1343
1276
1097
629
1330
1043
1140
3079
610
609
1182
1365
694
695
1160
1044
1167
827
1076
1096
1335
717
2134
1272
920
790
1371
1461
1045
734
750
1347
599
630
1452
774
1057
1444
994
1524
1764
1544
2025
1158
1756
1094
783
1413
1339
1621
1216
962
1353
1221
810
686
581
724
1340
657
746
851
819
785
751
822
1745
1280
776
986
1179
1093
4518
660
1132
1449
1357
1399
653
1263
980
1388
591
666
775
1242
615
1288
674
1805
1165
712
761
1275
1349
656
1631
1965
1274
1810
1144
1544
1682
2161
2076
1712
1763
1956
1442
1756
3840
2477
1268
4687
2060
3648
1686
1727
2297
2279
8919
16525
8860
6295
1628
456
485
719
623
515
628
325
798
826
917
413
382
2067
1045
2798
788
316
488
385
780
310
340
603
628
754
619
265
539
648
387
809
266
1164
395
661
638
543
675
407
374
362
397
762
322
772
233
352
770
303
325
1072
225
423
304
753
336
777
427
944
246
488
277
434
294
845
667
627
822
836
277
237
842
281
607
738
578
805
775
849
644
626
746
823
831
232
215
226
851
826
701
327
374
815
862
712
939
249
411
396
417
237
782
348
287
234
554
261
233
862
791
764
251
207
373
255
835
365
719
759
233
303
774
442
257
227
567
838
820
825
203
668
318
265
324
848
219
571
433
217
260
833
664
541
410
